3.104e+00 6.556e-01 1.500e+01 2.370e+00
3.296e+00 2.286e+00 4.510e+02 3.824e-01
5.387e-01 2.156e+00 4.920e+02 3.394e-01
3.341e+00 5.013e+00 5.490e+02 1.759e-01
3.866e+00 1.798e+00 5.900e+02 5.719e-01
8.887e-01 1.289e+00 7.460e+02 5.833e-01
2.209e+00 1.391e+00 9.350e+02 7.573e-01
2.591e+00 2.727e+00 9.460e+02 2.920e-01
3.926e+00 1.958e+00 1.118e+03 5.036e-01
2.199e+00 1.312e+00 1.201e+03 8.866e-01
9.236e-01 2.358e+00 1.216e+03 4.382e-01
3.718e+00 1.786e+00 1.225e+03 5.607e-01
3.394e+00 9.739e-01 1.230e+03 1.324e+00
2.547e+00 4.643e+00 1.238e+03 1.806e-01
2.336e+00 2.059e+00 1.272e+03 5.326e-01
4.195e+00 2.569e+00 1.357e+03 2.942e-01
1.411e+00 5.372e+00 1.611e+03 2.339e-01
3.564e+00 5.458e+00 1.765e+03 6.669e-01
1.988e+00 5.341e+00 1.876e+03 1.974e-01
1.637e+00 3.536e+00 1.901e+03 3.153e-01
1.284e+00 3.453e+00 2.059e+03 2.604e-01
4.359e+00 3.169e+00 2.105e+03 4.256e-01
7.921e-01 4.909e+00 2.166e+03 2.432e-01
8.262e-01 2.414e+00 2.226e+03 8.430e-01
4.642e+00 3.642e+00 2.282e+03 2.888e-01
4.786e+00 1.902e+00 2.342e+03 4.494e-01
3.725e+00 1.507e+00 2.389e+03 6.819e-01
3.125e+00 9.168e-01 2.564e+03 1.375e+00
3.864e+00 5.175e+00 2.671e+03 2.029e-01
1.918e+00 1.322e+00 2.684e+03 3.204e+00
2.390e+00 2.625e+00 2.747e+03 3.064e-01
2.397e+00 3.294e+00 2.989e+03 2.766e-01
4.690e+00 4.044e+00 3.055e+03 2.212e-01
4.791e+00 1.122e+00 3.088e+03 1.036e+00
4.456e+00 1.345e+00 3.266e+03 1.329e-01
1.573e+00 4.887e+00 3.272e+03 2.534e-01
1.161e+00 3.808e+00 3.280e+03 2.219e-01
1.858e+00 4.271e+00 3.292e+03 2.454e-01
4.079e+00 3.773e+00 3.450e+03 3.969e-01
4.430e+00 1.294e+00 3.575e+03 9.081e-01
2.557e+00 3.589e+00 3.591e+03 2.820e-01
4.235e+00 1.383e+00 3.645e+03 6.421e-01
4.814e+00 5.389e+00 3.763e+03 3.273e+00
4.300e+00 1.016e+00 3.847e+03 1.690e+00
3.162e+00 4.463e+00 3.858e+03 2.240e-01
2.318e+00 4.856e+00 3.885e+03 5.837e-01
3.265e+00 1.351e+00 3.912e+03 1.842e-01
4.319e+00 5.405e+00 4.008e+03 1.290e-01
1.507e+00 3.005e+00 4.105e+03 4.116e-01
3.253e+00 5.429e+00 4.161e+03 1.737e-01
4.053e+00 5.320e+00 4.270e+03 2.123e-01
5.893e-01 1.530e+00 4.323e+03 7.379e-01
8.289e-01 9.794e-01 4.415e+03 2.583e+00
4.776e+00 1.274e+00 4.433e+03 8.958e-01
1.234e+00 1.378e+00 4.492e+03 9.506e-01
3.356e+00 1.691e+00 4.559e+03 5.313e-01
8.326e-01 3.866e+00 4.623e+03 2.231e-01
1.015e+00 3.164e+00 4.694e+03 3.395e+00
1.479e+00 4.950e+00 4.695e+03 2.306e-01
2.086e+00 9.260e-01 4.747e+03 1.551e+00
3.327e+00 2.059e+00 4.795e+03 4.559e-01
3.063e+00 1.947e+00 4.966e+03 5.968e-01
2.591e+00 8.008e-01 4.988e+03 2.332e+00
4.411e+00 2.468e+00 5.069e+03 4.485e-01
4.886e+00 2.921e+00 5.247e+03 4.195e-01
3.052e+00 1.463e+00 5.452e+03 1.467e+00
3.170e+00 5.458e+00 5.463e+03 1.458e-01
2.755e+00 4.411e+00 5.471e+03 2.443e-01
2.604e+00 2.144e+00 5.478e+03 5.783e-01
3.085e+00 1.774e+00 5.529e+03 5.079e-01
3.957e+00 1.236e+00 5.567e+03 6.768e-01
4.398e+00 9.809e-01 5.574e+03 9.834e-01
4.693e+00 8.533e-01 5.613e+03 1.522e+00
1.057e+00 1.056e+00 5.616e+03 1.277e+00
6.257e-01 1.185e+00 5.637e+03 3.693e-01
3.630e+00 4.121e+00 5.910e+03 5.176e-01
4.645e+00 4.234e+00 5.944e+03 1.974e-01
1.104e+00 6.031e-01 5.994e+03 3.003e+00
6.513e-01 1.530e+00 5.999e+03 1.917e+00
2.812e+00 1.303e+00 6.158e+03 7.209e-01
2.927e+00 4.242e+00 6.194e+03 2.713e-01
1.774e+00 5.470e+00 6.224e+03 1.585e-01
7.513e-01 3.650e+00 6.321e+03 2.898e-01
4.074e+00 2.660e+00 6.334e+03 3.777e-01
4.021e+00 4.817e+00 6.417e+03 2.317e-01
1.918e+00 5.043e+00 6.519e+03 2.101e-01
1.888e+00 1.142e+00 6.571e+03 1.085e+00
3.276e+00 3.981e+00 6.572e+03 2.853e-01
3.703e+00 8.200e-01 6.702e+03 1.770e+00
1.881e+00 1.866e+00 6.717e+03 3.843e-01
2.843e+00 1.514e+00 6.762e+03 6.959e-01
4.166e+00 3.385e+00 6.853e+03 8.284e-01
1.617e+00 3.756e+00 6.858e+03 2.851e-01
2.012e+00 3.997e+00 6.884e+03 2.685e-01
5.107e-01 3.133e+00 7.086e+03 3.045e-01
1.459e+00 1.716e+00 7.156e+03 3.017e+00
3.419e+00 3.780e+00 7.251e+03 3.964e-01
6.602e-01 4.618e+00 7.308e+03 2.635e-01
4.880e+00 4.362e+00 7.316e+03 4.533e-01
3.111e+00 3.669e+00 7.583e+03 3.354e-01
4.243e+00 1.165e+00 7.617e+03 9.291e-01
4.351e+00 3.948e+00 7.673e+03 1.411e-01
4.785e+00 7.502e-01 7.698e+03 1.831e+00
4.396e+00 2.994e+00 7.892e+03 7.650e-01
1.999e+00 1.473e+00 8.138e+03 7.991e-01
4.448e+00 3.527e+00 8.178e+03 2.813e-01
3.367e+00 1.987e+00 8.269e+03 4.619e-01
4.754e+00 1.462e+00 8.379e+03 9.732e-01
3.175e+00 2.015e+00 8.425e+03 3.964e-01
8.760e-01 1.393e+00 8.546e+03 9.444e-01
4.597e+00 1.763e+00 8.549e+03 7.043e-01
4.957e+00 3.271e+00 8.624e+03 3.420e-01
2.303e+00 3.757e+00 8.650e+03 3.099e-01
1.926e+00 3.772e+00 8.707e+03 4.017e-01
3.249e+00 1.737e+00 8.778e+03 3.298e-01
1.320e+00 4.764e+00 8.959e+03 1.856e-01
1.203e+00 3.656e+00 9.016e+03 1.696e-01
4.837e+00 1.810e+00 9.117e+03 5.066e-01
2.530e+00 3.004e+00 9.125e+03 2.645e-01
1.126e+00 8.075e-01 9.152e+03 1.672e+00
4.595e+00 3.078e+00 9.213e+03 3.648e-01
3.492e+00 2.185e+00 9.253e+03 1.086e+00
3.706e+00 5.209e+00 9.423e+03 2.238e-01
1.344e+00 3.508e+00 9.468e+03 2.605e-01
3.765e+00 2.284e+00 9.507e+03 3.659e-01
4.236e+00 5.289e+00 9.524e+03 1.943e-01
2.516e+00 1.409e+00 9.528e+03 7.770e-01
4.593e+00 2.645e+00 9.720e+03 2.617e-01
1.835e+00 2.431e+00 9.726e+03 8.943e-01
4.847e+00 1.061e+00 9.734e+03 1.086e+00
1.945e+00 1.809e+00 9.756e+03 6.805e-01
1.232e+00 3.963e+00 9.807e+03 2.732e-01
2.380e+00 4.606e+00 9.929e+03 1.854e-01
2.008e+00 4.447e+00 9.959e+03 1.354e-01
8.629e-01 3.464e+00 1.005e+04 2.859e-01
1.157e+00 2.257e+00 1.006e+04 5.062e-01
1.512e+00 2.968e+00 1.008e+04 1.101e+00
2.744e+00 4.707e+00 1.021e+04 7.341e-01
1.729e+00 3.664e+00 1.035e+04 4.334e-01
1.294e+00 1.276e+00 1.049e+04 3.343e+00
1.469e+00 1.685e+00 1.058e+04 5.778e-01
5.298e-01 8.480e-01 1.064e+04 1.494e+00
1.619e+00 2.465e+00 1.070e+04 4.221e-01
1.820e+00 5.426e+00 1.080e+04 1.638e-01
4.642e+00 2.719e+00 1.080e+04 7.545e-01
4.086e+00 1.422e+00 1.102e+04 7.978e-01
1.634e+00 3.421e+00 1.125e+04 5.847e-01
1.365e+00 1.002e+00 1.133e+04 3.742e+00
4.207e+00 1.880e+00 1.141e+04 5.695e-01
4.799e+00 1.914e+00 1.148e+04 7.284e-01
6.296e-01 4.400e+00 1.167e+04 1.702e+00
3.963e+00 2.243e+00 1.170e+04 1.277e-01
4.831e+00 1.551e+00 1.175e+04 6.410e-01
3.306e+00 4.647e+00 1.183e+04 1.818e-01
4.159e+00 1.885e+00 1.187e+04 8.458e-01
4.299e+00 8.304e-01 1.189e+04 1.549e+00
4.580e+00 2.157e+00 1.189e+04 5.355e-01
1.087e+00 1.291e+00 1.213e+04 7.374e-01
4.396e+00 4.631e+00 1.226e+04 2.364e-01
9.234e-01 5.062e+00 1.242e+04 7.216e-01
1.101e+00 2.192e+00 1.244e+04 2.328e+00
1.819e+00 2.806e+00 1.244e+04 5.166e-01
4.787e+00 1.331e+00 1.249e+04 9.356e-01
4.017e+00 1.379e+00 1.257e+04 1.460e-01
2.898e+00 1.023e+00 1.278e+04 1.266e+00
6.652e-01 1.079e+00 1.282e+04 1.069e+00
6.283e-01 3.207e+00 1.283e+04 3.334e-01
3.897e+00 1.660e+00 1.287e+04 6.632e-01
2.322e+00 4.125e+00 1.292e+04 1.760e-01
3.220e+00 2.163e+00 1.300e+04 1.289e-01
1.273e+00 9.103e-01 1.301e+04 2.516e+00
1.984e+00 2.240e+00 1.310e+04 1.924e-01
3.867e+00 4.596e+00 1.320e+04 2.051e+00
4.665e+00 2.897e+00 1.353e+04 4.525e-01
2.653e+00 2.048e+00 1.357e+04 4.989e-01
3.824e+00 7.505e-01 1.361e+04 3.006e+00
1.682e+00 2.277e+00 1.364e+04 2.279e+00
4.460e+00 3.780e+00 1.376e+04 3.330e-01
3.768e+00 5.352e+00 1.379e+04 1.601e-01
4.990e+00 4.300e+00 1.383e+04 2.479e-01
3.454e+00 3.895e+00 1.385e+04 1.309e+00
1.894e+00 3.636e+00 1.389e+04 2.543e-01
2.542e+00 2.382e+00 1.402e+04 1.618e-01
7.660e-01 3.020e+00 1.402e+04 2.874e-01
4.563e+00 5.246e+00 1.406e+04 1.784e-01
3.738e+00 4.150e+00 1.408e+04 1.270e-01
1.401e+00 2.153e+00 1.412e+04 3.953e-01
4.830e+00 1.951e+00 1.418e+04 4.825e-01
3.562e+00 2.044e+00 1.426e+04 9.094e-01
4.995e+00 2.224e+00 1.428e+04 2.685e-01
2.577e+00 1.092e+00 1.430e+04 3.835e+00
1.021e+00 1.336e+00 1.432e+04 6.119e-01
1.450e+00 2.218e+00 1.439e+04 1.312e+00
2.103e+00 1.130e+00 1.439e+04 1.847e-01
4.904e+00 2.590e+00 1.450e+04 4.411e-01
3.546e+00 1.250e+00 1.451e+04 9.185e-01
3.073e+00 5.318e+00 1.453e+04 1.136e-01
8.322e-01 1.976e+00 1.460e+04 4.456e-01
2.874e+00 2.263e+00 1.482e+04 4.198e-01
4.718e+00 2.911e+00 1.490e+04 5.967e-01
4.268e+00 1.747e+00 1.523e+04 1.012e+00
3.882e+00 3.736e+00 1.537e+04 1.731e+00
1.888e+00 2.862e+00 1.553e+04 3.809e-01
2.399e+00 2.556e+00 1.555e+04 6.496e-01
1.857e+00 3.791e+00 1.555e+04 3.792e+00
9.114e-01 1.492e+00 1.563e+04 9.575e-01
2.109e+00 3.251e+00 1.590e+04 1.566e-01
1.028e+00 3.173e+00 1.592e+04 4.235e-01
4.329e+00 3.951e+00 1.596e+04 2.622e-01
3.129e+00 1.701e+00 1.600e+04 1.975e+00
2.025e+00 2.495e+00 1.605e+04 3.660e-01
2.335e+00 3.098e+00 1.622e+04 2.493e-01
8.742e-01 1.482e+00 1.624e+04 7.460e-01
1.011e+00 9.300e-01 1.636e+04 1.335e+00
3.866e+00 2.792e+00 1.639e+04 3.518e-01
1.379e+00 4.016e+00 1.648e+04 1.353e+00
2.876e+00 1.160e+00 1.653e+04 1.021e+00
2.514e+00 5.149e+00 1.658e+04 1.796e-01
3.227e+00 4.392e+00 1.661e+04 4.866e-01
2.523e+00 4.370e+00 1.663e+04 1.924e-01
3.773e+00 6.449e-01 1.671e+04 2.978e+00
4.464e+00 2.168e+00 1.677e+04 5.514e-01
3.381e+00 5.185e+00 1.698e+04 1.462e-01
1.127e+00 1.290e+00 1.709e+04 6.866e-01
2.852e+00 5.788e-01 1.734e+04 3.451e+00
3.953e+00 1.302e+00 1.757e+04 9.074e-01
4.696e+00 3.464e+00 1.764e+04 3.403e-01
4.316e+00 3.005e+00 1.776e+04 3.764e+00
4.424e+00 3.683e+00 1.778e+04 2.571e-01
1.706e+00 3.811e+00 1.791e+04 1.130e-01
4.181e+00 9.457e-01 1.807e+04 1.795e+00
2.647e+00 1.546e+00 1.817e+04 6.593e-01
3.724e+00 2.846e+00 1.826e+04 3.998e-01
9.676e-01 1.299e+00 1.829e+04 1.376e+00
4.508e+00 2.492e+00 1.837e+04 6.792e-01
1.045e+00 3.113e+00 1.840e+04 3.648e-01
4.301e+00 1.731e+00 1.848e+04 2.279e+00
1.096e+00 1.399e+00 1.873e+04 3.226e+00
3.262e+00 1.792e+00 1.875e+04 3.962e-01
3.039e+00 4.709e+00 1.876e+04 2.001e-01
1.219e+00 2.192e+00 1.884e+04 4.543e-01
8.002e-01 1.099e+00 1.899e+04 9.239e-01
3.432e+00 5.482e+00 1.900e+04 1.408e-01
1.166e+00 1.627e+00 1.923e+04 5.832e-01
2.807e+00 1.857e+00 1.956e+04 1.080e+00
2.488e+00 4.199e+00 1.962e+04 2.171e-01
4.855e+00 3.590e+00 1.975e+04 2.838e-01
2.819e+00 3.177e+00 1.975e+04 2.481e-01
3.364e+00 1.342e+00 1.979e+04 8.687e-01
4.346e+00 2.752e+00 1.985e+04 4.554e-01
2.064e+00 8.452e-01 1.988e+04 1.533e+00
3.072e+00 3.303e+00 1.991e+04 2.726e-01
4.055e+00 1.162e+00 2.002e+04 2.625e+00
4.245e+00 2.798e+00 2.003e+04 2.788e-01
2.992e+00 1.382e+00 2.020e+04 4.501e-01
3.162e+00 1.040e+00 2.022e+04 2.191e+00
2.863e+00 5.108e+00 2.032e+04 1.390e-01
2.825e+00 2.431e+00 2.040e+04 4.952e-01
1.966e+00 2.965e+00 2.050e+04 2.862e-01
4.223e+00 3.723e+00 2.052e+04 3.262e-01
2.445e+00 3.307e+00 2.061e+04 4.830e-01
9.716e-01 1.505e+00 2.064e+04 8.571e-01
4.663e+00 3.565e+00 2.079e+04 2.107e+00
3.679e+00 1.076e+00 2.118e+04 1.716e+00
3.738e+00 1.970e+00 2.128e+04 8.332e-01
5.198e-01 3.147e+00 2.137e+04 3.410e-01
8.248e-01 5.300e+00 2.144e+04 1.888e+00
3.596e+00 9.928e-01 2.155e+04 1.180e+00
3.847e+00 2.309e+00 2.160e+04 3.352e-01
4.469e+00 3.434e+00 2.161e+04 2.156e-01
2.453e+00 5.041e+00 2.162e+04 3.225e-01
2.510e+00 4.864e+00 2.178e+04 1.902e-01
3.697e+00 6.896e-01 2.192e+04 3.733e+00
1.353e+00 4.665e+00 2.209e+04 1.945e-01
5.930e-01 5.244e+00 2.212e+04 1.515e-01
9.428e-01 3.840e+00 2.222e+04 2.276e-01
4.985e+00 1.024e+00 2.224e+04 2.258e+00
1.871e+00 3.162e+00 2.228e+04 2.627e-01
4.017e+00 1.254e+00 2.244e+04 8.123e-01
2.844e+00 4.059e+00 2.251e+04 2.708e-01
2.914e+00 5.519e+00 2.264e+04 1.119e-01
7.285e-01 1.017e+00 2.274e+04 2.479e+00
2.795e+00 2.297e+00 2.284e+04 2.930e-01
4.592e+00 3.478e+00 2.302e+04 3.399e-01
3.596e+00 9.210e-01 2.308e+04 1.535e+00
2.713e+00 1.312e+00 2.330e+04 8.990e-01
3.412e+00 1.661e+00 2.331e+04 6.467e-01
1.900e+00 8.059e-01 2.332e+04 3.678e+00
5.086e-01 1.542e+00 2.376e+04 2.843e+00
6.257e-01 1.756e+00 2.379e+04 2.463e-01
4.257e+00 1.222e+00 2.393e+04 8.127e-01
1.271e+00 1.570e+00 2.400e+04 1.136e-01
1.028e+00 1.482e+00 2.405e+04 8.603e-01
3.771e+00 3.366e+00 2.406e+04 2.382e-01
3.348e+00 5.276e+00 2.407e+04 2.767e+00
1.720e+00 2.427e+00 2.426e+04 4.886e-01
3.836e+00 3.811e+00 2.444e+04 9.713e-01
6.667e-01 3.998e+00 2.451e+04 1.952e-01
4.119e+00 3.701e+00 2.454e+04 6.365e-01
4.993e+00 2.057e+00 2.459e+04 1.827e-01
3.833e+00 3.161e+00 2.460e+04 1.361e-01
4.428e+00 5.570e+00 2.476e+04 1.973e-01
3.145e+00 3.226e+00 2.478e+04 2.361e-01
2.025e+00 1.058e+00 2.481e+04 8.316e-01
3.923e+00 2.578e+00 2.485e+04 1.336e-01
4.858e+00 5.246e+00 2.487e+04 9.378e-01
4.137e+00 2.224e+00 2.493e+04 5.036e-01
4.628e+00 4.623e+00 2.531e+04 2.268e-01
4.227e+00 4.603e+00 2.532e+04 5.675e-01
1.966e+00 1.538e+00 2.533e+04 1.122e+00
2.007e+00 1.637e+00 2.533e+04 5.965e-01
1.710e+00 4.732e+00 2.536e+04 2.297e-01
3.783e+00 1.375e+00 2.539e+04 3.374e+00
1.841e+00 3.657e+00 2.540e+04 7.461e-01
4.578e+00 1.480e+00 2.545e+04 9.102e-01
3.022e+00 4.015e+00 2.562e+04 2.054e-01
4.977e+00 4.003e+00 2.570e+04 2.418e-01
1.874e+00 4.261e+00 2.580e+04 4.723e-01
2.262e+00 4.441e+00 2.582e+04 4.045e-01
1.422e+00 3.358e+00 2.589e+04 1.154e-01
1.046e+00 1.476e+00 2.601e+04 2.588e+00
2.757e+00 2.151e+00 2.617e+04 4.904e-01
3.900e+00 3.290e+00 2.618e+04 3.333e-01
3.380e+00 1.557e+00 2.645e+04 9.285e-01
9.679e-01 2.185e+00 2.661e+04 4.681e-01
3.717e+00 4.354e+00 2.686e+04 1.936e-01
2.006e+00 4.004e+00 2.689e+04 4.105e-01
3.551e+00 3.209e+00 2.691e+04 3.491e-01
2.995e+00 6.749e-01 2.711e+04 3.403e+00
1.424e+00 5.056e+00 2.716e+04 1.005e-01
4.048e+00 2.500e+00 2.728e+04 1.850e+00
8.653e-01 1.853e+00 2.741e+04 2.316e+00
3.240e+00 1.110e+00 2.743e+04 1.845e+00
2.399e+00 4.153e+00 2.746e+04 3.349e-01
3.106e+00 1.939e+00 2.754e+04 3.971e+00
3.385e+00 3.122e+00 2.755e+04 4.501e-01
1.373e+00 4.939e+00 2.766e+04 2.663e-01
1.468e+00 2.660e+00 2.776e+04 3.624e+00
3.869e+00 1.832e+00 2.784e+04 1.588e+00
1.091e+00 3.215e+00 2.785e+04 1.592e-01
3.329e+00 2.552e+00 2.785e+04 6.500e-01
4.866e+00 9.411e-01 2.786e+04 7.307e-01
4.549e+00 2.204e+00 2.788e+04 2.153e-01
2.303e+00 1.360e+00 2.816e+04 1.570e+00
3.087e+00 3.237e+00 2.824e+04 1.459e-01
4.791e+00 2.035e+00 2.842e+04 5.348e-01
2.736e+00 1.409e+00 2.846e+04 9.649e-01
8.094e-01 3.339e+00 2.847e+04 4.190e-01
4.973e+00 3.385e+00 2.852e+04 7.412e-01
2.386e+00 5.399e+00 2.854e+04 1.224e+00
2.490e+00 1.599e+00 2.872e+04 7.130e-01
2.041e+00 1.797e+00 2.876e+04 5.288e-01
3.747e+00 4.092e+00 2.907e+04 1.718e-01
3.511e+00 2.569e+00 2.918e+04 1.676e-01
1.674e+00 2.628e+00 2.920e+04 3.645e-01
3.485e+00 3.913e+00 2.922e+04 6.579e-01
4.035e+00 2.427e+00 2.940e+04 4.415e-01
4.307e+00 9.298e-01 2.940e+04 2.243e+00
6.200e-01 3.844e+00 2.969e+04 7.490e-01
2.243e+00 1.046e+00 2.975e+04 1.077e+00
4.892e+00 3.184e+00 2.980e+04 3.261e-01
3.672e+00 3.179e+00 2.981e+04 4.065e-01
2.518e+00 2.036e+00 2.986e+04 5.853e-01
7.443e-01 1.554e+00 2.988e+04 1.511e+00
2.243e+00 3.341e+00 2.992e+04 3.656e-01
3.987e+00 1.735e+00 2.995e+04 6.806e-01
4.795e+00 3.733e+00 3.001e+04 7.229e-01
1.060e+00 6.296e-01 3.012e+04 2.532e+00
4.323e+00 7.115e-01 3.026e+04 3.630e+00
4.524e+00 7.171e-01 3.066e+04 3.992e+00
3.317e+00 1.195e+00 3.069e+04 2.304e+00
4.155e+00 9.092e-01 3.070e+04 3.273e+00
3.383e+00 4.172e+00 3.086e+04 1.582e+00
1.089e+00 7.210e-01 3.100e+04 2.114e+00
1.633e+00 1.746e+00 3.106e+04 7.447e-01
2.428e+00 7.190e-01 3.122e+04 2.006e+00
6.042e-01 7.913e-01 3.124e+04 1.815e+00
3.976e+00 2.474e+00 3.126e+04 4.325e-01
4.812e+00 3.893e+00 3.132e+04 1.928e-01
4.837e+00 1.562e+00 3.139e+04 5.618e-01
2.064e+00 8.851e-01 3.152e+04 1.544e+00
3.358e+00 4.679e+00 3.157e+04 2.249e-01
4.574e+00 3.047e+00 3.168e+04 4.294e-01
2.559e+00 3.696e+00 3.172e+04 4.730e-01
3.397e+00 3.082e+00 3.186e+04 3.754e-01
1.688e+00 4.020e+00 3.200e+04 2.597e-01
4.091e+00 5.444e+00 3.220e+04 1.436e-01
2.884e+00 1.238e+00 3.221e+04 9.288e-01
4.927e+00 2.450e+00 3.224e+04 7.888e-01
2.555e+00 4.597e+00 3.242e+04 2.897e-01
8.933e-01 4.070e+00 3.249e+04 2.470e-01
3.631e+00 1.786e+00 3.253e+04 5.594e-01
2.288e+00 1.417e+00 3.258e+04 9.265e-01
2.211e+00 9.690e-01 3.259e+04 1.142e+00
1.298e+00 1.561e+00 3.259e+04 6.913e-01
1.275e+00 3.720e+00 3.270e+04 2.679e-01
4.185e+00 2.282e+00 3.272e+04 3.585e-01
3.355e+00 2.308e+00 3.274e+04 7.749e-01
1.927e+00 3.980e+00 3.283e+04 2.949e-01
4.103e+00 4.944e+00 3.288e+04 1.983e-01
1.186e+00 1.128e+00 3.288e+04 6.711e-01
3.625e+00 7.231e-01 3.290e+04 3.753e+00
2.372e+00 2.342e+00 3.298e+04 2.071e+00
4.827e+00 3.216e+00 3.299e+04 1.420e+00
4.379e+00 1.938e+00 3.312e+04 1.079e+00
1.070e+00 1.674e+00 3.313e+04 7.110e-01
3.522e+00 2.046e+00 3.341e+04 3.039e-01
1.809e+00 9.094e-01 3.346e+04 1.354e+00
4.330e+00 5.043e+00 3.379e+04 2.325e+00
4.885e+00 1.828e+00 3.392e+04 5.419e-01
4.251e+00 5.312e+00 3.393e+04 5.267e-01
3.660e+00 1.388e+00 3.396e+04 7.139e-01
2.403e+00 4.348e+00 3.400e+04 6.267e-01
6.443e-01 2.680e+00 3.432e+04 1.873e-01
1.086e+00 3.843e+00 3.443e+04 1.063e+00
1.122e+00 1.009e+00 3.450e+04 1.911e+00
2.334e+00 2.910e+00 3.457e+04 3.176e-01
1.257e+00 5.990e-01 3.464e+04 3.379e+00
4.769e+00 2.168e+00 3.464e+04 5.215e-01
1.324e+00 3.521e+00 3.497e+04 1.273e-01
2.920e+00 1.172e+00 3.518e+04 2.680e-01
4.621e+00 1.069e+00 3.534e+04 1.082e+00
3.217e+00 1.039e+00 3.535e+04 2.469e+00
4.363e+00 2.455e+00 3.553e+04 4.966e-01
3.256e+00 4.376e+00 3.558e+04 1.959e-01
2.652e+00 1.429e+00 3.571e+04 8.398e-01
9.245e-01 1.570e+00 3.576e+04 6.630e-01
5.662e-01 1.381e+00 3.576e+04 7.086e-01
4.174e+00 2.071e+00 3.577e+04 1.437e+00
5.163e-01 3.029e+00 3.578e+04 1.147e+00
1.285e+00 8.536e-01 3.583e+04 1.399e+00
5.980e-01 5.519e+00 3.589e+04 1.933e-01
4.907e+00 2.043e+00 3.602e+04 1.563e+00
4.875e+00 1.500e+00 3.606e+04 7.522e-01
2.532e+00 4.755e+00 3.608e+04 3.116e-01
3.766e+00 2.614e+00 3.616e+04 4.923e-01
2.765e+00 2.822e+00 3.626e+04 3.759e-01
4.026e+00 4.383e+00 3.644e+04 1.253e-01
4.001e+00 1.398e+00 3.647e+04 4.487e-01
3.365e+00 1.185e+00 3.649e+04 3.746e+00
1.920e+00 6.553e-01 3.650e+04 3.221e+00
1.931e+00 2.458e+00 3.651e+04 4.282e-01
1.968e+00 2.525e+00 3.665e+04 4.456e-01
4.045e+00 1.488e+00 3.676e+04 1.017e+00
3.341e+00 2.536e+00 3.697e+04 2.534e+00
2.911e+00 4.904e+00 3.702e+04 2.560e-01
9.085e-01 8.649e-01 3.713e+04 1.577e+00
3.958e+00 2.397e+00 3.716e+04 1.304e-01
7.422e-01 1.920e+00 3.729e+04 5.771e-01
1.201e+00 1.269e+00 3.746e+04 9.397e-01
6.136e-01 2.665e+00 3.747e+04 4.027e-01
1.100e+00 1.196e+00 3.765e+04 1.038e+00
4.121e+00 9.102e-01 3.786e+04 2.592e+00
9.010e-01 5.376e+00 3.791e+04 1.949e-01
1.830e+00 5.550e+00 3.796e+04 1.667e-01
3.536e+00 1.198e+00 3.797e+04 2.542e-01
3.060e+00 9.786e-01 3.805e+04 1.254e+00
2.132e+00 1.900e+00 3.806e+04 5.291e-01
1.308e+00 3.640e+00 3.814e+04 2.810e-01
2.399e+00 3.405e+00 3.815e+04 2.587e-01
2.984e+00 1.272e+00 3.820e+04 1.136e+00
3.675e+00 4.837e+00 3.836e+04 1.803e-01
2.303e+00 1.657e+00 3.840e+04 1.665e+00
3.713e+00 2.481e+00 3.841e+04 3.626e-01
3.220e+00 5.407e+00 3.844e+04 1.878e-01
3.713e+00 1.232e+00 3.847e+04 7.821e-01
4.670e+00 7.521e-01 3.855e+04 1.839e+00
4.175e+00 2.597e+00 3.855e+04 4.718e-01
2.438e+00 4.694e+00 3.856e+04 2.539e-01
4.217e+00 5.428e+00 3.870e+04 2.934e-01
7.749e-01 2.637e+00 3.875e+04 3.317e-01
4.805e+00 5.287e+00 3.879e+04 2.245e-01
6.979e-01 1.309e+00 3.890e+04 8.356e-01
1.183e+00 9.359e-01 3.893e+04 1.349e+00
2.733e+00 5.382e+00 3.900e+04 1.605e-01
4.495e+00 1.564e+00 3.913e+04 1.236e+00
4.783e+00 4.988e+00 3.917e+04 3.231e-01
3.293e+00 2.131e+00 3.932e+04 4.243e-01
3.619e+00 3.397e+00 3.937e+04 3.379e-01
2.370e+00 2.316e+00 3.940e+04 1.469e-01
3.484e+00 3.088e+00 3.942e+04 3.297e-01
2.166e+00 3.663e+00 3.943e+04 2.779e-01
3.874e+00 6.141e-01 3.949e+04 2.747e+00
4.886e+00 4.599e+00 3.953e+04 2.342e-01
2.173e+00 3.941e+00 3.960e+04 2.703e-01
1.995e+00 1.490e+00 3.960e+04 7.086e-01
1.568e+00 1.511e+00 3.968e+04 2.149e+00
1.429e+00 5.134e+00 3.982e+04 2.515e-01
4.970e+00 2.555e+00 3.988e+04 3.662e-01
2.975e+00 2.556e+00 3.988e+04 4.444e-01
2.383e+00 1.407e+00 3.990e+04 3.068e+00
3.496e+00 3.793e+00 3.997e+04 3.001e-01
4.587e+00 2.334e+00 4.004e+04 4.878e-01
4.385e+00 2.307e+00 4.015e+04 1.317e+00
4.047e+00 5.371e+00 4.030e+04 1.919e-01
1.725e+00 1.932e+00 4.030e+04 3.024e-01
2.298e+00 4.277e+00 4.039e+04 1.843e-01
2.401e+00 1.584e+00 4.059e+04 6.003e-01
2.602e+00 1.583e+00 4.063e+04 1.469e+00
1.854e+00 2.180e+00 4.075e+04 4.024e-01
2.179e+00 3.125e+00 4.082e+04 7.953e-01
1.599e+00 1.774e+00 4.090e+04 1.884e+00
3.893e+00 3.152e+00 4.100e+04 1.637e+00
1.396e+00 4.475e+00 4.102e+04 2.341e-01
3.473e+00 3.724e+00 4.112e+04 7.044e-01
3.770e+00 1.673e+00 4.123e+04 9.789e-01
4.742e+00 4.129e+00 4.129e+04 2.144e-01
6.080e-01 1.845e+00 4.131e+04 2.739e+00
3.013e+00 4.894e+00 4.136e+04 2.095e-01
2.311e+00 8.330e-01 4.169e+04 1.626e+00
4.760e+00 5.131e+00 4.172e+04 2.430e+00
4.988e+00 1.011e+00 4.188e+04 2.021e+00
4.563e+00 3.766e+00 4.188e+04 1.607e-01
2.346e+00 4.286e+00 4.202e+04 2.498e-01
3.198e+00 2.602e+00 4.203e+04 4.047e-01
3.104e+00 1.184e+00 4.209e+04 2.352e+00
4.896e+00 1.179e+00 4.231e+04 1.085e+00
2.100e+00 4.989e+00 4.247e+04 2.062e-01
3.377e+00 3.939e+00 4.253e+04 2.094e+00
3.984e+00 1.418e+00 4.262e+04 7.888e-01
6.248e-01 3.844e+00 4.266e+04 2.235e-01
3.735e+00 5.052e+00 4.275e+04 1.525e-01
2.747e+00 5.542e+00 4.276e+04 1.721e-01
9.325e-01 3.108e+00 4.278e+04 8.865e-01
4.622e+00 1.091e+00 4.283e+04 1.078e+00
4.622e+00 2.300e+00 4.284e+04 3.824e-01
2.095e+00 4.458e+00 4.284e+04 2.479e-01
1.110e+00 1.646e+00 4.292e+04 6.865e-01
1.955e+00 1.371e+00 4.318e+04 1.649e-01
7.853e-01 2.344e+00 4.331e+04 4.282e-01
1.393e+00 4.339e+00 4.340e+04 1.607e-01
2.443e+00 4.549e+00 4.341e+04 3.172e-01
1.245e+00 4.176e+00 4.343e+04 2.199e-01
4.929e+00 3.681e+00 4.353e+04 4.015e-01
2.224e+00 1.482e+00 4.355e+04 9.112e-01
4.154e+00 1.493e+00 4.363e+04 2.574e+00
6.899e-01 2.090e+00 4.376e+04 1.512e-01
3.837e+00 3.203e+00 4.377e+04 3.775e-01
4.531e+00 5.180e+00 4.381e+04 4.379e-01
4.930e+00 2.373e+00 4.382e+04 1.959e+00
4.402e+00 3.338e+00 4.385e+04 2.211e-01
1.714e+00 2.622e+00 4.392e+04 3.417e-01
3.876e+00 2.607e+00 4.405e+04 4.249e-01
3.101e+00 1.926e+00 4.406e+04 3.055e+00
3.525e+00 2.630e+00 4.408e+04 3.345e-01
3.181e+00 5.317e+00 4.414e+04 2.584e-01
4.279e+00 2.771e+00 4.425e+04 2.925e-01
3.521e+00 2.425e+00 4.454e+04 4.773e-01
2.428e+00 1.550e+00 4.469e+04 2.179e+00
4.540e+00 4.035e+00 4.474e+04 4.887e-01
2.742e+00 2.145e+00 4.476e+04 1.662e+00
2.821e+00 1.679e+00 4.480e+04 9.874e-01
3.170e+00 1.093e+00 4.491e+04 2.677e+00
1.931e+00 2.215e+00 4.501e+04 5.221e-01
4.114e+00 3.732e+00 4.512e+04 2.805e-01
1.137e+00 4.149e+00 4.527e+04 2.543e-01
9.426e-01 1.780e+00 4.542e+04 5.983e-01
2.789e+00 2.992e+00 4.545e+04 3.456e+00
4.761e+00 1.465e+00 4.549e+04 8.287e-01
9.163e-01 1.862e+00 4.554e+04 8.750e-01
2.547e+00 1.148e+00 4.555e+04 9.742e-01
8.594e-01 1.599e+00 4.565e+04 6.091e-01
8.170e-01 6.504e-01 4.565e+04 2.999e+00
1.468e+00 3.136e+00 4.567e+04 5.223e-01
2.313e+00 3.738e+00 4.579e+04 3.839e-01
2.266e+00 3.889e+00 4.585e+04 2.245e-01
4.463e+00 1.175e+00 4.592e+04 2.329e+00
1.311e+00 4.574e+00 4.593e+04 1.891e-01
1.446e+00 5.275e+00 4.593e+04 4.630e-01
4.360e+00 1.800e+00 4.594e+04 3.947e-01
3.653e+00 2.742e+00 4.599e+04 2.421e-01
2.570e+00 9.091e-01 4.621e+04 1.454e+00
3.107e+00 1.252e+00 4.647e+04 8.959e-01
3.558e+00 4.717e+00 4.648e+04 1.072e+00
1.904e+00 9.242e-01 4.658e+04 1.353e+00
4.674e+00 1.369e+00 4.666e+04 2.031e+00
4.146e+00 9.071e-01 4.671e+04 1.389e+00
3.820e+00 2.630e+00 4.672e+04 4.190e-01
3.218e+00 1.752e+00 4.675e+04 6.518e-01
3.620e+00 1.791e+00 4.730e+04 3.435e-01
2.247e+00 8.870e-01 4.747e+04 1.337e+00
3.713e+00 8.317e-01 4.748e+04 1.588e+00
4.485e+00 2.869e+00 4.760e+04 3.300e-01
2.011e+00 1.060e+00 4.780e+04 1.010e+00
1.133e+00 4.770e+00 4.784e+04 1.986e-01
4.487e+00 1.684e+00 4.785e+04 7.247e-01
2.194e+00 5.562e+00 4.791e+04 4.998e-01
3.869e+00 6.843e-01 4.805e+04 3.039e+00
6.099e-01 1.197e+00 4.814e+04 9.493e-01
4.306e+00 1.603e+00 4.819e+04 4.572e-01
4.650e+00 4.942e+00 4.834e+04 2.916e-01
3.299e+00 2.147e+00 4.835e+04 2.541e-01
3.450e+00 3.731e+00 4.850e+04 8.212e-01
4.402e+00 1.211e+00 4.855e+04 1.276e+00
4.087e+00 2.273e+00 4.857e+04 2.101e-01
4.720e+00 2.453e+00 4.869e+04 3.722e+00
3.248e+00 1.095e+00 4.876e+04 3.092e+00
4.166e+00 9.133e-01 4.884e+04 1.374e+00
3.776e+00 1.959e+00 4.887e+04 4.841e-01
1.317e+00 2.710e+00 4.891e+04 5.280e-01
3.072e+00 1.207e+00 4.892e+04 7.840e-01
3.033e+00 2.251e+00 4.893e+04 6.466e-01
1.206e+00 5.210e+00 4.894e+04 1.624e-01
2.178e+00 2.129e+00 4.898e+04 4.666e-01
1.510e+00 1.045e+00 4.910e+04 1.014e+00
1.973e+00 1.743e+00 4.914e+04 7.104e-01
2.413e+00 5.136e+00 4.929e+04 1.798e-01
3.009e+00 1.496e+00 4.931e+04 2.969e+00
3.557e+00 2.061e+00 4.934e+04 5.430e-01
2.282e+00 8.346e-01 4.934e+04 1.536e+00
2.325e+00 4.796e+00 4.935e+04 1.882e-01
4.001e+00 1.357e+00 4.935e+04 7.154e-01
3.126e+00 2.820e+00 4.948e+04 3.859e-01
1.822e+00 3.455e+00 4.963e+04 3.558e-01
2.054e+00 5.280e+00 4.964e+04 1.972e-01
2.968e+00 3.233e+00 4.972e+04 2.926e-01
3.434e+00 2.643e+00 4.973e+04 4.989e-01
1.644e+00 2.498e+00 4.983e+04 4.030e-01
4.530e+00 1.190e+00 4.985e+04 9.524e-01
3.147e+00 4.304e+00 5.021e+04 2.311e-01
1.557e+00 2.229e+00 5.025e+04 2.753e-01
2.366e+00 1.217e+00 5.032e+04 1.666e+00
4.494e+00 9.036e-01 5.045e+04 1.575e+00
2.505e+00 1.184e+00 5.050e+04 4.598e-01
8.234e-01 1.575e+00 5.054e+04 5.173e-01
2.946e+00 2.894e+00 5.061e+04 3.286e-01
4.672e+00 1.772e+00 5.064e+04 4.120e-01
2.596e+00 1.734e+00 5.065e+04 5.411e-01
5.254e-01 2.868e+00 5.069e+04 6.296e-01
2.621e+00 2.885e+00 5.070e+04 1.841e-01
1.476e+00 6.412e-01 5.088e+04 2.661e+00
3.203e+00 2.571e+00 5.092e+04 4.377e-01
1.448e+00 1.519e+00 5.096e+04 7.728e-01
3.123e+00 4.493e+00 5.102e+04 2.191e-01
6.135e-01 8.051e-01 5.103e+04 1.707e+00
1.671e+00 2.915e+00 5.105e+04 2.724e-01
1.808e+00 2.641e+00 5.107e+04 3.857e-01
2.375e+00 9.045e-01 5.123e+04 2.490e+00
3.085e+00 5.543e+00 5.129e+04 2.279e-01
2.931e+00 2.488e+00 5.132e+04 3.761e-01
1.666e+00 2.489e+00 5.135e+04 1.775e+00
1.837e+00 2.053e+00 5.140e+04 3.190e+00
3.418e+00 4.191e+00 5.158e+04 1.997e-01
5.634e-01 3.679e+00 5.164e+04 1.640e-01
1.514e+00 3.345e+00 5.165e+04 5.594e-01
4.136e+00 5.405e+00 5.165e+04 1.628e-01
2.883e+00 2.658e+00 5.170e+04 7.355e-01
3.927e+00 2.187e+00 5.172e+04 9.348e-01
2.264e+00 4.027e+00 5.188e+04 2.655e-01
4.063e+00 1.470e+00 5.192e+04 7.447e-01
1.384e+00 1.628e+00 5.195e+04 6.064e-01
1.217e+00 7.517e-01 5.196e+04 2.237e+00
1.362e+00 2.740e+00 5.197e+04 8.106e-01
3.316e+00 5.952e-01 5.208e+04 3.779e+00
3.029e+00 5.260e+00 5.218e+04 4.380e-01
1.572e+00 3.600e+00 5.227e+04 2.587e-01
2.863e+00 4.164e+00 5.236e+04 2.192e-01
3.194e+00 2.546e+00 5.254e+04 4.233e-01
4.463e+00 3.234e+00 5.256e+04 4.626e-01
9.017e-01 4.319e+00 5.262e+04 4.561e-01
1.789e+00 5.175e+00 5.265e+04 1.348e-01
1.071e+00 4.538e+00 5.267e+04 1.981e-01
4.854e+00 5.052e+00 5.278e+04 2.019e-01
3.377e+00 2.603e+00 5.294e+04 1.767e-01
3.350e+00 1.808e+00 5.312e+04 5.937e-01
4.603e+00 2.890e+00 5.324e+04 5.026e-01
3.873e+00 1.798e+00 5.324e+04 6.168e-01
2.383e+00 2.819e+00 5.326e+04 2.497e-01
4.486e+00 4.817e+00 5.332e+04 4.297e-01
2.690e+00 3.399e+00 5.339e+04 1.129e-01
4.514e+00 1.891e+00 5.339e+04 5.517e-01
3.057e+00 4.356e+00 5.351e+04 2.605e-01
3.737e+00 4.071e+00 5.351e+04 3.104e-01
1.117e+00 1.807e+00 5.354e+04 1.008e+00
4.471e+00 3.488e+00 5.356e+04 3.064e-01
2.056e+00 2.985e+00 5.361e+04 2.346e-01
2.802e+00 2.256e+00 5.362e+04 3.439e-01
4.374e+00 1.687e+00 5.363e+04 5.921e-01
4.407e+00 2.865e+00 5.367e+04 1.261e-01
1.440e+00 4.698e+00 5.376e+04 1.527e+00
2.531e+00 1.845e+00 5.380e+04 1.010e+00
3.563e+00 1.320e+00 5.388e+04 8.655e-01
4.136e+00 7.088e-01 5.390e+04 2.520e+00
8.279e-01 3.025e+00 5.397e+04 6.279e-01
3.650e+00 4.265e+00 5.401e+04 1.426e-01
4.288e+00 4.535e+00 5.406e+04 2.878e-01
4.851e+00 4.233e+00 5.408e+04 1.469e+00
3.641e+00 2.083e+00 5.430e+04 4.715e-01
1.249e+00 2.329e+00 5.439e+04 4.517e-01
1.789e+00 1.229e+00 5.443e+04 9.785e-01
3.431e+00 9.786e-01 5.466e+04 1.260e+00
1.604e+00 2.112e+00 5.470e+04 1.430e+00
1.826e+00 1.624e+00 5.485e+04 6.703e-01
2.704e+00 4.295e+00 5.488e+04 1.457e-01
4.018e+00 2.487e+00 5.540e+04 2.187e-01
1.877e+00 3.769e+00 5.551e+04 2.837e-01
1.123e+00 3.244e+00 5.559e+04 1.014e+00
2.236e+00 1.109e+00 5.560e+04 8.987e-01
3.258e+00 1.726e+00 5.563e+04 4.107e-01
1.566e+00 2.850e+00 5.571e+04 3.582e-01
3.908e+00 7.817e-01 5.574e+04 1.743e+00
4.724e+00 2.741e+00 5.582e+04 3.465e-01
1.837e+00 1.222e+00 5.593e+04 8.793e-01
4.065e+00 2.974e+00 5.605e+04 2.105e+00
1.083e+00 1.851e+00 5.607e+04 1.759e+00
2.822e+00 3.116e+00 5.611e+04 3.329e-01
8.698e-01 5.398e+00 5.613e+04 2.112e-01
3.533e+00 3.036e+00 5.615e+04 3.607e-01
3.259e+00 2.082e+00 5.615e+04 5.198e-01
1.238e+00 4.022e+00 5.627e+04 2.024e-01
6.539e-01 2.666e+00 5.634e+04 4.229e-01
4.020e+00 3.252e+00 5.635e+04 2.996e-01
3.825e+00 3.148e+00 5.637e+04 4.854e-01
4.194e+00 3.145e+00 5.645e+04 3.518e-01
3.882e+00 2.098e+00 5.660e+04 4.832e-01
3.548e+00 1.419e+00 5.663e+04 7.441e-01
1.181e+00 3.918e+00 5.666e+04 2.811e-01
4.863e+00 1.339e+00 5.675e+04 8.453e-01
3.189e+00 2.424e+00 5.676e+04 4.446e-01
4.803e+00 2.998e+00 5.678e+04 2.286e-01
4.192e+00 1.107e+00 5.708e+04 1.082e+00
2.625e+00 4.313e+00 5.709e+04 1.730e+00
3.691e+00 3.278e+00 5.721e+04 1.260e+00
8.646e-01 3.173e+00 5.732e+04 6.144e-01
2.907e+00 9.223e-01 5.741e+04 2.718e+00
4.814e+00 5.246e+00 5.745e+04 1.265e+00
3.264e+00 2.032e+00 5.753e+04 5.638e-01
1.935e+00 2.740e+00 5.754e+04 2.060e-01
3.783e+00 3.308e+00 5.759e+04 4.326e-01
3.590e+00 2.483e+00 5.760e+04 3.675e-01
3.684e+00 4.460e+00 5.778e+04 4.876e-01
3.157e+00 1.020e+00 5.794e+04 3.830e+00
3.396e+00 1.598e+00 5.794e+04 1.812e+00
8.801e-01 1.417e+00 5.827e+04 1.249e+00
4.767e+00 5.922e-01 5.828e+04 3.006e+00
2.077e+00 1.393e+00 5.838e+04 5.568e-01
3.092e+00 4.699e+00 5.846e+04 1.242e-01
2.201e+00 4.466e+00 5.848e+04 1.438e+00
4.924e+00 1.353e+00 5.871e+04 9.165e-01
2.950e+00 3.641e+00 5.880e+04 2.505e-01
1.155e+00 1.889e+00 5.884e+04 1.584e-01
1.425e+00 2.130e+00 5.888e+04 4.343e-01
2.642e+00 3.315e+00 5.898e+04 5.518e-01
4.759e+00 3.329e+00 5.900e+04 3.333e-01
1.065e+00 8.801e-01 5.900e+04 2.589e+00
4.188e+00 2.812e+00 5.925e+04 3.201e-01
4.107e+00 3.093e+00 5.927e+04 3.900e-01
2.999e+00 2.485e+00 5.928e+04 2.589e-01
1.359e+00 9.503e-01 5.939e+04 1.287e+00
2.408e+00 1.635e+00 5.948e+04 8.731e-01
4.005e+00 4.333e+00 5.948e+04 1.352e-01
7.618e-01 1.519e+00 5.963e+04 8.102e-01
4.455e+00 4.272e+00 5.964e+04 3.251e-01
9.784e-01 1.355e+00 5.967e+04 8.200e-01
2.718e+00 2.488e+00 5.969e+04 6.223e-01
4.894e+00 2.979e+00 5.975e+04 2.820e-01
1.253e+00 3.186e+00 5.978e+04 2.781e-01
4.808e+00 3.831e+00 5.982e+04 3.402e-01
4.512e+00 3.500e+00 5.991e+04 3.657e-01
2.772e+00 4.478e+00 5.994e+04 1.509e-01
2.341e+00 3.053e+00 5.999e+04 3.468e+00
4.680e+00 6.558e-01 6.000e+04 3.981e+00
3.989e+00 1.041e+00 6.005e+04 1.969e+00
4.491e+00 1.545e+00 6.006e+04 1.538e+00
4.589e+00 4.744e+00 6.018e+04 1.860e-01
2.215e+00 2.735e+00 6.027e+04 1.334e-01
2.415e+00 9.895e-01 6.042e+04 1.245e+00
3.322e+00 1.485e+00 6.043e+04 7.170e-01
3.213e+00 3.209e+00 6.044e+04 2.968e-01
4.154e+00 1.684e+00 6.047e+04 9.151e-01
3.164e+00 2.968e+00 6.049e+04 3.722e+00
4.095e+00 2.650e+00 6.052e+04 5.188e-01
1.018e+00 4.225e+00 6.056e+04 2.617e-01
3.536e+00 1.372e+00 6.058e+04 7.986e-01
7.696e-01 2.887e+00 6.061e+04 2.676e-01
8.168e-01 1.643e+00 6.066e+04 6.752e-01
2.323e+00 2.990e+00 6.078e+04 3.591e-01
4.447e+00 2.561e+00 6.080e+04 3.213e-01
4.963e+00 4.890e+00 6.086e+04 2.995e-01
4.995e+00 2.939e+00 6.090e+04 2.256e-01
4.846e+00 9.059e-01 6.095e+04 1.899e+00
8.594e-01 2.607e+00 6.095e+04 3.729e-01
2.474e+00 3.164e+00 6.120e+04 2.871e-01
4.298e+00 1.052e+00 6.123e+04 1.572e+00
1.457e+00 1.211e+00 6.124e+04 1.026e+00
5.756e-01 1.483e+00 6.145e+04 6.082e-01
1.921e+00 2.691e+00 6.146e+04 4.082e-01
1.432e+00 2.885e+00 6.149e+04 1.078e+00
1.054e+00 5.573e-01 6.153e+04 3.262e+00
4.487e+00 1.906e+00 6.154e+04 4.448e-01
3.165e+00 6.226e-01 6.160e+04 2.600e+00
2.391e+00 3.155e+00 6.172e+04 3.090e-01
2.353e+00 9.776e-01 6.186e+04 3.106e+00
2.143e+00 2.006e+00 6.190e+04 2.541e-01
4.456e+00 5.300e+00 6.191e+04 1.352e-01
1.866e+00 1.555e+00 6.203e+04 2.174e+00
2.245e+00 1.336e+00 6.210e+04 7.789e-01
2.825e+00 3.615e+00 6.213e+04 5.182e-01
2.613e+00 1.551e+00 6.222e+04 5.936e-01
4.869e+00 5.318e+00 6.241e+04 5.119e-01
1.114e+00 2.275e+00 6.247e+04 5.559e-01
3.544e+00 3.615e+00 6.252e+04 1.745e-01
5.944e-01 3.864e+00 6.256e+04 6.583e-01
2.478e+00 4.595e+00 6.260e+04 1.897e-01
2.626e+00 3.796e+00 6.266e+04 2.374e-01
3.964e+00 1.221e+00 6.268e+04 1.521e+00
4.028e+00 1.436e+00 6.271e+04 8.127e-01
3.385e+00 1.673e+00 6.282e+04 9.059e-01
2.106e+00 1.939e+00 6.285e+04 5.008e-01
4.766e+00 1.033e+00 6.289e+04 1.148e+00
1.922e+00 4.602e+00 6.290e+04 2.377e-01
4.913e+00 4.819e+00 6.293e+04 2.322e-01
1.071e+00 4.695e+00 6.302e+04 1.808e-01
3.800e+00 5.479e+00 6.308e+04 3.521e-01
4.517e+00 4.021e+00 6.320e+04 2.026e-01
9.378e-01 1.206e+00 6.327e+04 1.121e+00
1.940e+00 4.321e+00 6.329e+04 2.106e-01
2.393e+00 4.954e+00 6.339e+04 3.291e+00
2.892e+00 1.983e+00 6.340e+04 1.110e-01
4.936e+00 6.762e-01 6.342e+04 2.265e+00
2.066e+00 4.555e+00 6.342e+04 3.442e-01
2.297e+00 4.666e+00 6.346e+04 2.586e-01
3.049e+00 3.792e+00 6.361e+04 2.512e-01
4.257e+00 9.436e-01 6.364e+04 1.337e+00
4.665e+00 8.050e-01 6.366e+04 2.185e+00
4.108e+00 1.051e+00 6.378e+04 1.236e+00
4.291e+00 1.597e+00 6.379e+04 7.348e-01
4.666e+00 1.349e+00 6.385e+04 4.872e-01
1.575e+00 8.836e-01 6.397e+04 3.635e+00
9.935e-01 1.799e+00 6.403e+04 6.401e-01
2.249e+00 2.278e+00 6.405e+04 4.669e-01
2.642e+00 9.339e-01 6.406e+04 1.214e+00
3.695e+00 6.097e-01 6.417e+04 2.720e+00
2.079e+00 2.115e+00 6.421e+04 2.851e+00
2.311e+00 3.710e+00 6.422e+04 2.531e-01
4.541e+00 3.219e+00 6.437e+04 3.781e-01
3.042e+00 4.043e+00 6.441e+04 1.376e-01
2.223e+00 4.408e+00 6.448e+04 2.278e-01
2.732e+00 1.848e+00 6.452e+04 3.862e-01
3.401e+00 3.153e+00 6.462e+04 3.248e-01
4.322e+00 4.639e+00 6.467e+04 2.437e-01
8.094e-01 3.274e+00 6.474e+04 9.044e-01
3.803e+00 1.617e+00 6.488e+04 7.116e-01
2.530e+00 1.087e+00 6.491e+04 1.243e+00
3.614e+00 7.374e-01 6.495e+04 3.947e+00
2.587e+00 3.872e+00 6.508e+04 1.940e-01
2.734e+00 3.959e+00 6.520e+04 2.274e-01
4.248e+00 3.522e+00 6.524e+04 2.448e-01
4.240e+00 2.234e+00 6.540e+04 6.806e-01
2.539e+00 3.090e+00 6.542e+04 3.687e-01
3.483e+00 4.850e+00 6.557e+04 1.930e-01
2.961e+00 1.918e+00 6.557e+04 1.441e-01
3.293e+00 1.470e+00 6.559e+04 9.267e-01
1.270e+00 4.516e+00 6.560e+04 2.365e-01
4.595e+00 1.590e+00 6.570e+04 2.498e+00
3.553e+00 5.270e+00 6.571e+04 7.157e-01
2.032e+00 1.653e+00 6.593e+04 7.482e-01
3.990e+00 1.920e+00 6.606e+04 5.252e-01
1.807e+00 2.362e+00 6.613e+04 2.284e-01
4.212e+00 2.089e+00 6.623e+04 5.584e-01
3.911e+00 1.420e+00 6.630e+04 4.579e-01
4.431e+00 5.360e+00 6.632e+04 2.312e-01
1.590e+00 4.673e+00 6.632e+04 8.076e-01
2.638e+00 3.315e+00 6.637e+04 2.187e-01
4.356e+00 1.017e+00 6.639e+04 1.191e+00
2.718e+00 4.328e+00 6.675e+04 3.524e-01
2.658e+00 1.385e+00 6.679e+04 8.768e-01
3.201e+00 1.021e+00 6.686e+04 1.287e+00
4.646e+00 2.391e+00 6.690e+04 3.067e+00
1.168e+00 2.944e+00 6.691e+04 2.819e-01
4.288e+00 3.401e+00 6.694e+04 3.147e+00
2.591e+00 3.815e+00 6.714e+04 2.940e-01
2.123e+00 7.286e-01 6.717e+04 3.559e+00
2.678e+00 2.826e+00 6.718e+04 4.283e-01
1.282e+00 4.545e+00 6.719e+04 1.933e-01
3.819e+00 2.013e+00 6.721e+04 5.280e-01
4.795e+00 1.063e+00 6.722e+04 1.136e+00
4.668e+00 4.727e+00 6.725e+04 1.564e-01
9.906e-01 1.532e+00 6.729e+04 2.850e+00
1.272e+00 3.570e+00 6.730e+04 8.971e-01
3.360e+00 4.847e+00 6.756e+04 2.685e-01
4.942e+00 1.392e+00 6.763e+04 7.292e-01
4.381e+00 1.715e+00 6.780e+04 3.428e-01
4.542e+00 8.583e-01 6.784e+04 1.478e+00
4.189e+00 1.908e+00 6.808e+04 5.804e-01
8.597e-01 5.479e+00 6.814e+04 2.170e-01
1.556e+00 2.277e+00 6.816e+04 5.322e-01
2.838e+00 3.995e+00 6.817e+04 1.238e-01
4.078e+00 1.673e+00 6.825e+04 1.621e+00
3.204e+00 4.733e+00 6.827e+04 2.297e-01
2.403e+00 1.970e+00 6.828e+04 3.492e+00
4.747e+00 2.061e+00 6.830e+04 5.154e-01
4.707e+00 3.881e+00 6.832e+04 2.134e-01
1.297e+00 8.521e-01 6.838e+04 1.789e+00
7.713e-01 4.767e+00 6.840e+04 2.259e-01
4.850e+00 1.126e+00 6.845e+04 1.031e+00
7.737e-01 3.356e+00 6.863e+04 2.875e-01
1.656e+00 1.125e+00 6.863e+04 2.195e+00
4.473e+00 9.829e-01 6.874e+04 3.304e+00
4.268e+00 2.785e+00 6.882e+04 3.730e-01
4.657e+00 2.309e+00 6.894e+04 5.272e-01
3.014e+00 1.188e+00 6.907e+04 3.764e+00
3.961e+00 2.514e+00 6.909e+04 2.989e-01
4.069e+00 4.460e+00 6.912e+04 1.913e-01
9.046e-01 8.199e-01 6.918e+04 2.324e+00
4.992e+00 2.819e+00 6.918e+04 3.716e+00
2.690e+00 2.362e+00 6.919e+04 6.944e-01
3.406e+00 8.594e-01 6.920e+04 2.033e+00
1.533e+00 4.647e+00 6.944e+04 3.222e-01
1.533e+00 4.582e+00 6.974e+04 1.360e-01
1.452e+00 1.840e+00 6.976e+04 5.024e-01
4.205e+00 2.221e+00 6.981e+04 4.449e-01
4.388e+00 3.361e+00 6.984e+04 5.224e-01
1.151e+00 2.119e+00 6.987e+04 9.947e-01
3.317e+00 2.038e+00 6.989e+04 5.388e-01
1.816e+00 2.553e+00 6.992e+04 4.805e-01
3.778e+00 2.085e+00 7.001e+04 5.393e-01
2.555e+00 1.923e+00 7.005e+04 1.413e+00
3.071e+00 1.465e+00 7.006e+04 7.387e-01
4.433e+00 4.529e+00 7.010e+04 4.219e-01
1.146e+00 4.919e+00 7.014e+04 1.953e-01
2.823e+00 3.336e+00 7.026e+04 3.118e-01
1.321e+00 4.017e+00 7.042e+04 2.820e-01
1.794e+00 1.337e+00 7.045e+04 8.515e-01
2.937e+00 2.288e+00 7.070e+04 4.197e-01
4.881e+00 1.114e+00 7.079e+04 1.100e+00
3.778e+00 3.119e+00 7.093e+04 1.007e-01
2.034e+00 1.771e+00 7.100e+04 5.377e-01
1.128e+00 3.451e+00 7.135e+04 3.019e-01
7.655e-01 5.079e+00 7.141e+04 3.887e-01
3.380e+00 3.009e+00 7.143e+04 3.509e-01
4.017e+00 3.634e+00 7.146e+04 1.974e-01
3.924e+00 5.688e-01 7.147e+04 3.104e+00
1.570e+00 2.628e+00 7.160e+04 3.917e-01
5.599e-01 3.405e+00 7.166e+04 3.233e-01
3.313e+00 2.118e+00 7.178e+04 2.144e-01
3.027e+00 2.659e+00 7.184e+04 2.684e-01
1.226e+00 2.885e+00 7.185e+04 3.617e-01
3.432e+00 3.625e+00 7.193e+04 3.075e-01
2.758e+00 8.902e-01 7.209e+04 2.466e+00
4.351e+00 1.350e+00 7.223e+04 7.032e-01
4.320e+00 2.144e+00 7.229e+04 5.217e-01
3.688e+00 8.323e-01 7.237e+04 1.945e+00
4.362e+00 1.103e+00 7.244e+04 1.071e+00
3.826e+00 1.434e+00 7.246e+04 1.317e+00
4.382e+00 2.474e+00 7.267e+04 4.219e-01
1.671e+00 2.187e+00 7.274e+04 1.934e+00
3.119e+00 5.076e+00 7.281e+04 5.609e-01
1.574e+00 1.637e+00 7.288e+04 6.902e-01
1.407e+00 4.066e+00 7.289e+04 2.447e-01
4.953e+00 5.074e+00 7.320e+04 1.930e-01
3.448e+00 1.086e+00 7.320e+04 1.526e+00
3.609e+00 2.769e+00 7.320e+04 3.932e-01
9.080e-01 4.887e+00 7.331e+04 1.843e-01
1.618e+00 4.474e+00 7.335e+04 1.367e-01
1.460e+00 1.373e+00 7.336e+04 6.754e-01
1.936e+00 4.153e+00 7.339e+04 1.065e-01
3.358e+00 3.093e+00 7.341e+04 2.852e-01
2.700e+00 1.425e+00 7.341e+04 7.651e-01
7.368e-01 2.513e+00 7.363e+04 4.420e-01
1.180e+00 3.198e+00 7.365e+04 8.620e-01
2.860e+00 1.330e+00 7.388e+04 8.338e-01
5.675e-01 1.269e+00 7.390e+04 2.032e+00
6.100e-01 5.513e+00 7.399e+04 1.875e-01
4.621e+00 3.311e+00 7.399e+04 2.497e-01
1.160e+00 1.375e+00 7.414e+04 7.475e-01
2.054e+00 4.754e+00 7.438e+04 2.267e-01
3.949e+00 1.460e+00 7.440e+04 1.113e+00
2.529e+00 1.651e+00 7.442e+04 2.813e+00
4.011e+00 1.013e+00 7.451e+04 3.540e+00
2.788e+00 5.390e+00 7.460e+04 1.412e-01
1.217e+00 5.224e+00 7.462e+04 1.297e-01
5.309e-01 3.088e+00 7.463e+04 3.679e-01
2.422e+00 1.915e+00 7.464e+04 1.026e-01
3.992e+00 1.265e+00 7.466e+04 1.617e+00
3.073e+00 1.309e+00 7.469e+04 3.229e+00
4.973e+00 3.836e+00 7.470e+04 7.276e-01
2.677e+00 2.166e+00 7.470e+04 7.801e-01
1.298e+00 5.081e+00 7.486e+04 2.115e-01
1.766e+00 1.435e+00 7.500e+04 1.723e+00
3.832e+00 2.160e+00 7.506e+04 4.845e-01
1.037e+00 1.934e+00 7.514e+04 5.059e-01
1.294e+00 1.196e+00 7.514e+04 2.211e+00
4.093e+00 4.729e+00 7.516e+04 7.165e-01
4.009e+00 1.039e+00 7.517e+04 3.120e+00
3.967e+00 3.417e+00 7.518e+04 4.154e-01
4.842e+00 1.950e+00 7.519e+04 5.536e-01
9.513e-01 8.373e-01 7.530e+04 1.651e+00
3.019e+00 4.212e+00 7.533e+04 1.357e-01
2.456e+00 2.522e+00 7.536e+04 4.675e-01
4.142e+00 5.552e+00 7.537e+04 3.394e+00
2.432e+00 2.313e+00 7.538e+04 4.020e-01
7.458e-01 8.787e-01 7.539e+04 1.465e+00
4.368e+00 4.748e+00 7.540e+04 3.490e-01
2.231e+00 1.773e+00 7.541e+04 6.226e-01
3.773e+00 2.132e+00 7.557e+04 3.303e-01
3.758e+00 5.396e-01 7.565e+04 3.695e+00
7.764e-01 4.725e+00 7.578e+04 1.212e+00
3.179e+00 3.915e+00 7.580e+04 2.840e-01
8.710e-01 4.948e+00 7.584e+04 3.386e-01
3.350e+00 1.431e+00 7.585e+04 1.822e+00
2.477e+00 1.293e+00 7.596e+04 1.868e+00
1.061e+00 1.012e+00 7.604e+04 1.340e+00
3.289e+00 2.920e+00 7.605e+04 5.456e-01
2.725e+00 3.627e+00 7.607e+04 3.603e-01
2.006e+00 1.135e+00 7.612e+04 8.681e-01
1.962e+00 3.248e+00 7.634e+04 2.794e+00
3.006e+00 3.807e+00 7.636e+04 3.047e-01
1.612e+00 2.972e+00 7.636e+04 1.164e-01
1.590e+00 5.078e+00 7.641e+04 2.660e-01
3.076e+00 3.661e+00 7.652e+04 1.392e+00
3.733e+00 6.316e-01 7.654e+04 3.101e+00
3.234e+00 1.660e+00 7.660e+04 9.390e-01
3.008e+00 2.274e+00 7.672e+04 4.880e-01
3.538e+00 4.701e+00 7.701e+04 3.055e-01
3.753e+00 2.463e+00 7.706e+04 4.293e-01
3.218e+00 2.461e+00 7.715e+04 6.035e-01
3.303e+00 2.777e+00 7.722e+04 8.833e-01
3.222e+00 9.326e-01 7.723e+04 1.339e+00
4.212e+00 4.039e+00 7.726e+04 2.147e-01
2.949e+00 2.124e+00 7.736e+04 7.880e-01
2.094e+00 4.997e+00 7.736e+04 1.619e-01
2.396e+00 1.172e+00 7.742e+04 7.810e-01
2.443e+00 3.956e+00 7.746e+04 2.070e+00
3.393e+00 2.537e+00 7.753e+04 4.888e-01
9.675e-01 1.372e+00 7.756e+04 3.630e+00
1.092e+00 8.506e-01 7.771e+04 1.463e+00
1.071e+00 4.028e+00 7.776e+04 2.503e-01
3.153e+00 4.222e+00 7.792e+04 2.508e-01
2.183e+00 4.269e+00 7.795e+04 6.381e-01
6.238e-01 4.222e+00 7.801e+04 2.431e-01
4.812e+00 4.634e+00 7.804e+04 1.758e-01
4.857e+00 1.445e+00 7.805e+04 7.732e-01
4.574e+00 3.540e+00 7.814e+04 3.464e-01
4.211e+00 6.680e-01 7.818e+04 2.440e+00
2.827e+00 3.834e+00 7.823e+04 2.296e-01
4.965e+00 1.119e+00 7.846e+04 3.104e+00
2.372e+00 3.258e+00 7.852e+04 3.896e-01
4.309e+00 2.116e+00 7.859e+04 1.250e+00
1.806e+00 1.877e+00 7.862e+04 6.408e-01
1.369e+00 2.128e+00 7.869e+04 4.550e-01
2.867e+00 3.115e+00 7.878e+04 4.151e-01
4.476e+00 3.278e+00 7.890e+04 3.187e-01
1.710e+00 1.354e+00 7.901e+04 2.919e+00
4.093e+00 2.016e+00 7.903e+04 2.456e-01
2.037e+00 3.337e+00 7.909e+04 3.054e-01
3.290e+00 3.068e+00 7.915e+04 3.366e-01
1.209e+00 2.080e+00 7.918e+04 4.784e-01
4.021e+00 7.910e-01 7.920e+04 2.164e+00
3.275e+00 1.718e+00 7.920e+04 2.942e+00
2.540e+00 2.765e+00 7.921e+04 5.718e-01
2.372e+00 9.258e-01 7.924e+04 1.884e+00
2.330e+00 2.644e+00 7.934e+04 3.938e-01
4.957e+00 4.146e+00 7.935e+04 1.740e-01
3.825e+00 2.940e+00 7.936e+04 1.312e-01
1.384e+00 1.052e+00 7.946e+04 5.558e-01
9.701e-01 9.916e-01 7.946e+04 2.645e+00
2.936e+00 2.720e+00 7.969e+04 3.946e-01
1.624e+00 1.038e+00 7.972e+04 5.496e-01
4.806e+00 2.873e+00 7.980e+04 3.643e-01
3.357e+00 1.203e+00 7.983e+04 1.197e+00
4.794e+00 3.589e+00 7.998e+04 1.813e-01
2.946e+00 1.730e+00 8.006e+04 8.236e-01
4.295e+00 4.219e+00 8.011e+04 2.556e-01
2.368e+00 1.091e+00 8.012e+04 1.500e+00
1.168e+00 4.409e+00 8.015e+04 1.984e-01
1.008e+00 3.872e+00 8.021e+04 3.624e-01
3.188e+00 5.435e+00 8.026e+04 1.652e-01
2.180e+00 2.377e+00 8.028e+04 1.097e-01
3.809e+00 7.688e-01 8.035e+04 2.280e+00
2.052e+00 1.366e+00 8.047e+04 3.954e-01
2.283e+00 3.642e+00 8.047e+04 2.743e-01
2.644e+00 2.454e+00 8.048e+04 4.664e-01
4.029e+00 1.070e+00 8.052e+04 2.982e+00
3.087e+00 1.459e+00 8.059e+04 1.975e+00
4.740e+00 1.714e+00 8.060e+04 3.131e-01
2.072e+00 2.046e+00 8.062e+04 6.019e-01
2.524e+00 2.866e+00 8.067e+04 3.565e-01
1.811e+00 4.571e+00 8.073e+04 2.621e-01
2.550e+00 1.421e+00 8.087e+04 2.269e+00
4.484e+00 1.316e+00 8.096e+04 1.381e-01
4.885e+00 1.859e+00 8.109e+04 4.450e-01
7.124e-01 3.001e+00 8.110e+04 3.621e-01
1.561e+00 1.860e+00 8.115e+04 6.599e-01
3.727e+00 2.132e+00 8.121e+04 1.037e+00
2.937e+00 1.303e+00 8.134e+04 2.246e+00
4.765e+00 1.549e+00 8.137e+04 6.778e-01
2.427e+00 4.377e+00 8.146e+04 2.760e-01
3.963e+00 3.675e+00 8.160e+04 1.822e-01
3.765e+00 1.506e+00 8.177e+04 6.955e-01
3.821e+00 1.863e+00 8.182e+04 6.050e-01
1.496e+00 1.952e+00 8.189e+04 5.148e-01
2.991e+00 5.557e+00 8.190e+04 1.319e-01
7.486e-01 3.608e+00 8.200e+04 3.780e-01
4.616e+00 1.394e+00 8.206e+04 3.219e+00
2.385e+00 2.198e+00 8.208e+04 4.771e-01
4.500e+00 2.128e+00 8.219e+04 5.994e-01
2.893e+00 1.953e+00 8.229e+04 4.291e-01
4.372e+00 2.023e+00 8.254e+04 4.017e-01
3.423e+00 1.755e+00 8.262e+04 6.110e-01
3.100e+00 8.121e-01 8.271e+04 2.505e+00
2.575e+00 4.199e+00 8.272e+04 2.222e-01
3.777e+00 1.470e+00 8.285e+04 6.798e-01
9.503e-01 3.764e+00 8.291e+04 1.124e+00
1.448e+00 3.667e+00 8.298e+04 7.246e-01
1.274e+00 1.879e+00 8.298e+04 1.286e-01
2.775e+00 2.237e+00 8.299e+04 2.218e-01
4.837e+00 4.935e+00 8.304e+04 2.087e-01
4.065e+00 1.216e+00 8.348e+04 1.021e+00
2.212e+00 3.099e+00 8.357e+04 4.715e-01
4.042e+00 1.889e+00 8.360e+04 1.790e+00
4.187e+00 9.478e-01 8.368e+04 1.322e+00
7.636e-01 1.978e+00 8.373e+04 2.463e-01
4.155e+00 2.252e+00 8.394e+04 2.629e-01
2.620e+00 5.163e+00 8.394e+04 1.729e-01
4.850e+00 3.298e+00 8.416e+04 1.778e-01
3.032e+00 1.730e+00 8.425e+04 6.413e-01
3.716e+00 2.971e+00 8.428e+04 3.049e+00
2.139e+00 3.517e+00 8.442e+04 3.559e-01
3.497e+00 3.741e+00 8.447e+04 2.429e-01
3.940e+00 8.372e-01 8.455e+04 1.858e+00
3.624e+00 1.547e+00 8.469e+04 1.517e+00
2.118e+00 3.369e+00 8.469e+04 2.698e-01
3.110e+00 3.031e+00 8.485e+04 5.614e-01
3.704e+00 2.041e+00 8.496e+04 9.032e-01
2.948e+00 2.840e+00 8.508e+04 4.046e-01
3.126e+00 2.994e+00 8.523e+04 3.096e-01
7.890e-01 1.081e+00 8.531e+04 1.161e+00
1.287e+00 1.596e+00 8.537e+04 1.946e+00
5.379e-01 3.412e+00 8.565e+04 2.880e-01
2.328e+00 4.808e+00 8.568e+04 2.740e-01
2.807e+00 2.354e+00 8.571e+04 5.141e-01
1.667e+00 4.095e+00 8.583e+04 4.307e-01
3.403e+00 1.822e+00 8.598e+04 5.805e-01
3.891e+00 1.590e+00 8.603e+04 6.857e-01
2.406e+00 8.679e-01 8.604e+04 1.477e+00
3.104e+00 2.062e+00 8.608e+04 1.193e+00
1.732e+00 3.143e+00 8.608e+04 4.043e-01
1.173e+00 1.528e+00 8.614e+04 6.365e-01
2.948e+00 9.238e-01 8.616e+04 1.464e+00
4.848e+00 6.876e-01 8.625e+04 2.557e+00
1.605e+00 2.838e+00 8.627e+04 4.062e-01
2.910e+00 4.672e+00 8.630e+04 1.498e-01
4.104e+00 4.083e+00 8.634e+04 1.022e+00
3.092e+00 3.844e+00 8.637e+04 2.831e-01
2.649e+00 1.208e+00 8.639e+04 2.797e+00
3.116e+00 3.525e+00 8.643e+04 2.648e-01
2.234e+00 1.566e+00 8.646e+04 7.111e-01
4.827e+00 1.750e+00 8.656e+04 2.047e-01
3.562e+00 2.648e+00 8.656e+04 4.239e-01
2.446e+00 4.868e+00 8.656e+04 2.972e-01
1.085e+00 5.193e+00 8.665e+04 2.013e-01
2.089e+00 2.111e+00 8.674e+04 3.481e-01
4.300e+00 2.802e+00 8.676e+04 3.371e-01
3.717e+00 1.848e+00 8.682e+04 6.154e-01
2.138e+00 1.567e+00 8.685e+04 9.821e-01
3.506e+00 1.182e+00 8.686e+04 1.100e+00
4.273e+00 1.708e+00 8.700e+04 1.011e+00
4.707e+00 3.419e+00 8.707e+04 2.622e-01
3.344e+00 2.816e+00 8.710e+04 2.637e-01
3.133e+00 2.831e+00 8.731e+04 1.734e-01
3.136e+00 5.440e+00 8.732e+04 5.615e-01
3.521e+00 3.016e+00 8.736e+04 1.286e+00
3.204e+00 3.029e+00 8.742e+04 1.872e-01
4.543e+00 2.662e+00 8.745e+04 2.971e-01
2.661e+00 1.159e+00 8.750e+04 1.279e+00
4.668e+00 2.839e+00 8.752e+04 1.626e-01
2.512e+00 1.589e+00 8.753e+04 7.516e-01
2.826e+00 5.198e+00 8.756e+04 2.242e-01
1.600e+00 3.387e+00 8.766e+04 3.687e-01
3.064e+00 3.779e+00 8.770e+04 3.724e-01
3.909e+00 4.148e+00 8.778e+04 2.666e-01
1.352e+00 5.306e+00 8.785e+04 4.596e-01
3.443e+00 1.363e+00 8.792e+04 1.100e+00
1.246e+00 3.238e+00 8.798e+04 8.353e-01
2.857e+00 5.177e+00 8.800e+04 1.984e-01
1.913e+00 1.867e+00 8.806e+04 5.969e-01
6.645e-01 4.203e+00 8.814e+04 1.515e-01
1.165e+00 8.677e-01 8.822e+04 3.069e+00
1.828e+00 1.568e+00 8.831e+04 2.377e+00
2.027e+00 2.490e+00 8.842e+04 4.309e-01
2.910e+00 3.176e+00 8.852e+04 2.509e-01
4.608e+00 3.704e+00 8.861e+04 3.039e-01
2.204e+00 4.725e+00 8.873e+04 1.642e-01
4.710e+00 2.184e+00 8.884e+04 3.806e-01
4.592e+00 4.082e+00 8.888e+04 7.825e-01
3.867e+00 5.047e+00 8.891e+04 1.977e-01
1.905e+00 1.764e+00 8.910e+04 2.719e-01
3.792e+00 5.968e-01 8.917e+04 3.784e+00
2.850e+00 1.497e+00 8.918e+04 1.053e+00
4.515e+00 2.626e+00 8.919e+04 4.132e-01
2.985e+00 3.940e+00 8.922e+04 1.719e-01
1.230e+00 1.823e+00 8.922e+04 3.477e-01
6.119e-01 3.454e+00 8.922e+04 2.557e-01
2.832e+00 9.875e-01 8.924e+04 2.715e+00
1.411e+00 3.974e+00 8.929e+04 2.237e-01
3.340e+00 1.919e+00 8.958e+04 3.750e-01
4.534e+00 3.539e+00 8.960e+04 3.377e-01
4.081e+00 8.841e-01 8.965e+04 3.115e+00
1.660e+00 3.495e+00 8.969e+04 4.983e-01
4.311e+00 4.627e+00 8.988e+04 2.246e-01
3.925e+00 4.113e+00 8.996e+04 2.706e-01
9.908e-01 1.743e+00 8.997e+04 6.309e-01
4.190e+00 3.994e+00 9.008e+04 2.789e-01
1.129e+00 4.761e+00 9.015e+04 1.369e+00
2.415e+00 5.349e+00 9.023e+04 4.161e-01
2.447e+00 3.711e+00 9.027e+04 2.497e-01
7.096e-01 7.336e-01 9.048e+04 3.075e+00
1.555e+00 2.144e+00 9.052e+04 1.627e-01
2.347e+00 5.796e-01 9.060e+04 2.995e+00
2.718e+00 2.180e+00 9.065e+04 2.960e-01
4.379e+00 6.584e-01 9.068e+04 3.652e+00
1.466e+00 4.291e+00 9.069e+04 1.789e-01
2.474e+00 5.086e+00 9.124e+04 2.271e-01
4.600e+00 1.858e+00 9.156e+04 1.145e+00
1.197e+00 1.036e+00 9.161e+04 9.633e-01
2.606e+00 2.957e+00 9.161e+04 3.714e-01
2.688e+00 1.544e+00 9.183e+04 7.541e-01
2.121e+00 5.012e+00 9.193e+04 2.283e-01
4.062e+00 1.098e+00 9.204e+04 1.211e+00
5.600e-01 2.047e+00 9.222e+04 1.686e+00
3.456e+00 1.264e+00 9.223e+04 1.391e+00
3.439e+00 1.340e+00 9.230e+04 8.663e-01
3.164e+00 1.299e+00 9.238e+04 2.002e+00
1.517e+00 2.997e+00 9.239e+04 1.214e+00
2.258e+00 2.179e+00 9.240e+04 5.389e-01
3.994e+00 4.583e+00 9.262e+04 1.963e-01
2.601e+00 1.937e+00 9.272e+04 6.429e-01
3.260e+00 2.234e+00 9.273e+04 9.214e-01
3.410e+00 1.800e+00 9.284e+04 9.730e-01
2.341e+00 4.791e+00 9.296e+04 2.467e+00
1.988e+00 1.144e+00 9.305e+04 1.089e+00
4.656e+00 4.752e+00 9.328e+04 8.178e-01
3.438e+00 5.517e+00 9.331e+04 2.146e-01
1.858e+00 5.367e+00 9.334e+04 1.952e-01
2.748e+00 3.916e+00 9.350e+04 2.021e-01
1.563e+00 1.652e+00 9.351e+04 5.607e-01
4.795e+00 2.947e+00 9.353e+04 2.411e+00
4.847e+00 1.786e+00 9.355e+04 7.104e-01
8.197e-01 4.317e+00 9.365e+04 2.409e-01
1.997e+00 1.892e+00 9.404e+04 6.058e-01
3.256e+00 3.168e+00 9.410e+04 3.567e-01
4.841e+00 1.380e+00 9.438e+04 7.023e-01
3.367e+00 5.099e+00 9.449e+04 2.030e-01
1.453e+00 9.460e-01 9.450e+04 2.117e+00
2.746e+00 1.043e+00 9.450e+04 1.159e+00
4.404e+00 1.893e+00 9.459e+04 1.048e-01
3.664e+00 2.907e+00 9.460e+04 3.368e-01
2.010e+00 1.149e+00 9.468e+04 1.036e+00
4.378e+00 2.199e+00 9.476e+04 4.512e-01
2.409e+00 4.853e+00 9.476e+04 1.754e+00
3.014e+00 4.452e+00 9.483e+04 1.961e-01
2.420e+00 3.797e+00 9.490e+04 2.508e-01
3.971e+00 1.856e+00 9.498e+04 1.672e+00
3.932e+00 1.739e+00 9.500e+04 5.318e-01
4.551e+00 3.773e+00 9.502e+04 3.055e-01
2.760e+00 2.227e+00 9.507e+04 4.242e-01
4.025e+00 5.168e+00 9.512e+04 1.994e-01
3.453e+00 5.489e+00 9.519e+04 1.032e+00
2.560e+00 2.845e+00 9.524e+04 4.143e-01
2.704e+00 5.313e+00 9.529e+04 3.177e-01
3.347e+00 1.613e+00 9.558e+04 2.238e-01
3.521e+00 5.488e+00 9.563e+04 1.540e-01
3.185e+00 9.770e-01 9.569e+04 1.334e+00
2.630e+00 3.807e+00 9.576e+04 1.818e-01
2.609e+00 1.437e+00 9.582e+04 1.569e-01
3.214e+00 1.090e+00 9.587e+04 2.880e+00
3.749e+00 2.512e+00 9.588e+04 4.570e-01
2.386e+00 1.637e+00 9.596e+04 4.983e-01
1.131e+00 9.402e-01 9.597e+04 1.168e+00
3.810e+00 4.020e+00 9.598e+04 1.950e-01
9.934e-01 2.928e+00 9.640e+04 2.495e-01
1.051e+00 1.132e+00 9.649e+04 8.844e-01
4.459e+00 1.607e+00 9.676e+04 3.537e+00
4.438e+00 2.586e+00 9.686e+04 7.790e-01
4.877e+00 1.363e+00 9.687e+04 1.505e+00
2.932e+00 1.179e+00 9.713e+04 6.323e-01
4.315e+00 1.990e+00 9.715e+04 4.356e-01
4.883e+00 4.192e+00 9.724e+04 6.214e-01
4.157e+00 5.509e+00 9.742e+04 1.641e-01
8.934e-01 4.072e+00 9.751e+04 6.638e-01
3.237e+00 5.547e+00 9.753e+04 1.685e-01
2.922e+00 1.941e+00 9.758e+04 7.102e-01
5.589e-01 5.522e+00 9.759e+04 1.838e-01
4.366e+00 6.296e-01 9.759e+04 2.563e+00
2.576e+00 4.578e+00 9.761e+04 4.109e-01
4.790e+00 5.313e+00 9.768e+04 3.243e+00
4.255e+00 8.154e-01 9.779e+04 1.329e+00
3.006e+00 3.506e+00 9.780e+04 3.040e-01
3.237e+00 3.469e+00 9.793e+04 3.266e-01
3.669e+00 8.816e-01 9.820e+04 1.542e+00
1.285e+00 1.772e+00 9.830e+04 1.184e-01
1.313e+00 5.561e+00 9.835e+04 1.913e-01
5.103e-01 1.906e+00 9.837e+04 2.170e+00
8.949e-01 9.192e-01 9.840e+04 2.004e+00
4.283e+00 2.063e+00 9.844e+04 2.047e+00
1.727e+00 1.094e+00 9.856e+04 5.785e-01
2.329e+00 5.325e+00 9.859e+04 1.746e-01
2.636e+00 2.455e+00 9.860e+04 6.771e-01
1.639e+00 4.927e+00 9.862e+04 2.253e-01
1.137e+00 2.419e+00 9.864e+04 1.611e+00
2.690e+00 5.026e+00 9.868e+04 3.223e-01
1.378e+00 1.761e+00 9.875e+04 9.154e-01
4.883e+00 3.015e+00 9.878e+04 3.676e-01
1.091e+00 1.849e+00 9.889e+04 3.053e+00
3.027e+00 8.764e-01 9.892e+04 2.400e+00
3.650e+00 2.375e+00 9.892e+04 3.730e-01
8.908e-01 2.562e+00 9.899e+04 2.407e-01
4.300e+00 1.045e+00 9.908e+04 1.525e+00
3.896e+00 2.351e+00 9.938e+04 2.289e+00
2.833e+00 2.033e+00 9.947e+04 4.319e-01
3.145e+00 1.845e+00 9.952e+04 9.654e-01
4.017e+00 1.017e+00 9.962e+04 1.223e+00
1.455e+00 2.364e+00 9.974e+04 4.117e-01
2.848e+00 4.676e+00 9.983e+04 1.393e-01
4.650e+00 3.321e+00 9.984e+04 3.395e-01
1.651e+00 2.766e+00 9.996e+04 3.224e-01
4.237e+00 4.164e+00 9.999e+04 2.703e-01
